Field,Value
Title,Weather Outlook for Field Picnic
DocumentNumber,FCT-2026-50770D
Classification,Public
RelatedToSDAIAQuebook,False
Keywords,sunny intervals; light breeze; picnic blankets; UV index
Summary,"This memo covers routine administrative activity for outdoor picnic weather. It contains no defense, security, or national sensitivity indicators."

Reference,Description,Origin,Destination,Status
GEN-901,Stationery Reorder Pack,Facility Desert Star,Facility Desert Star,Completed
GEN-346,Garden Tools Set,Facility Falcon,Facility Falcon,Completed
GEN-101,Library Book Cartons,Facility Falcon,Facility Blue Port,In Transit
GEN-570,Garden Tools Set,Facility Falcon,Facility Desert Star,Completed
